1
2
2
4
2
6
5
1
7
4
3
11
13
11
7
7
8
10
1
5
9
3
8
15
9
16
2
17
29
14
25
23
24
24
34
6
36
10
33
34
5
26
1
9
42
39
40
15
7
39
46
14
18
54
3
43
45
32
29
48
54
10
4
54
16
65
45
41
44
38
11
19
70
46
9
69
62
5
47
71
10
65
32
39
79
18
60
57
10
90
35
70
51
39
11
17
39
70
36
27
6
14
49
103
61
66
93
95
104
74
10
51
76
92
84
29
4
88
89
11
35
115
123
76
124
35
3
80
106
109
100
76
13
69
81
134
45
111
67
3
17
57
18
13
115
97
60
66
78
57
83
81
110
8
7
22
148
98
83
62
25
59
17
127
19
158
165
154
2
30
103
105
138
144
116
89
45
22
71
132
53
54
131
178
148
163
149
100
126
148
131
149
87
90
29
176
8
165
118
168
60
4
40
69
122
66
85
150
57
207
22
68
164
119
23
128
123
175
40
148
175
37
214
4
7
25
189
47
125
111
207
128
82
40
113
79
38
30
185
10
182
167
27
97
129
181
166
35
59
213
178
210
18
124
32
88
179
106
42
192
181
128
148
5
29
89
89
243
127
32
87
20
137
15
227
169
184
200
97
253
38
198
5
203
228
109
87
246
49
166
141
288
160
290
150
80
273
40
122
248
257
102
29
132
218
269
29
131
278
84
135
88
206
66
228
308
74
184
45
227
126
20
91
82
208
97
64
41
287
168
178
179
26
53
140
127
280
62
9
277
183
236
256
104
56
147
163
111
285
346
87
155
70
337
241
109
6
282
58
27
71
144
153
62
365
239
33
189
142
266
202
242
371
296
42
244
296
276
186
358
41
86
309
269
359
29
307
320
227
241
203
104
269
326
174
270
108
176
395
200
391
103
280
275
356
331
328
184
208
157
34
20
233
105
255
80
331
187
251
398
80
352
83
243
339
29
280
19
28
229
351
102
403
396
369
426
67
421
225
122
33
54
378
87
202
9
44
386
147
64
136
275
175
402
319
91
399
148
108
341
27
82
119
416
67
26
399
37
331
332
388
424
32
437
81
470
347
46
467
297
475
130
127
232
308
267
53
415
93
375
162
255
213
479
424
451
124
467
127
54
