1
2
3
1
1
5
1
5
6
6
10
7
6
7
14
10
9
12
17
15
2
2
20
23
17
14
18
1
6
1
14
21
16
4
7
30
23
24
18
38
25
35
40
26
21
24
32
35
46
27
19
38
14
42
7
43
16
32
20
53
35
4
24
57
7
16
67
61
16
1
69
45
15
34
64
62
30
52
17
77
54
28
65
55
32
30
43
33
53
48
72
45
6
16
39
84
89
96
66
82
51
17
1
95
30
58
26
39
52
101
29
74
82
68
90
47
100
30
89
49
96
96
30
53
59
44
79
106
119
72
101
97
11
54
129
99
101
34
101
84
4
61
99
4
68
112
138
34
51
94
47
30
22
31
15
127
119
57
78
18
117
73
148
45
16
1
86
73
27
124
76
75
111
111
135
75
17
147
29
96
84
44
63
25
97
141
144
53
173
105
15
1
79
172
87
39
174
49
31
197
86
134
12
76
117
193
65
155
60
55
86
176
61
23
159
142
157
47
102
210
105
5
158
166
60
100
40
226
213
168
206
180
66
204
137
195
85
228
174
163
151
95
182
197
234
18
185
43
140
110
67
61
120
207
44
30
89
150
20
92
87
36
82
127
172
236
118
116
125
252
58
108
254
100
270
164
142
167
95
107
211
181
31
104
148
65
135
286
256
175
218
258
100
197
259
257
190
274
97
62
32
295
33
23
98
157
255
264
291
46
212
117
124
223
167
156
183
74
92
257
60
178
93
224
64
325
124
124
295
191
68
86
190
236
213
25
278
120
281
294
164
61
314
297
133
87
320
331
335
318
267
70
177
304
315
42
56
33
286
194
54
160
14
110
81
264
293
162
327
369
202
278
283
291
59
253
131
240
65
288
27
240
31
260
348
192
275
102
325
39
253
294
332
153
131
83
127
340
392
159
4
146
234
46
65
210
336
348
136
151
223
223
329
127
321
23
85
276
243
28
204
177
153
263
330
48
117
9
147
152
53
198
67
251
422
387
262
308
387
369
418
344
264
141
3
131
37
108
193
7
408
4
176
257
131
290
361
454
63
237
442
34
462
223
132
153
35
34
257
432
14
195
438
326
322
475
208
202
115
132
473
338
466
216
233
448
397
431
370
187
97
116
168
52
495
37
352
200
167
399
